0 0 0 0 3fffcda 0000000
0 0 0 1 40002d2 0000000
0 0 0 2 3fffefd 0000000
0 0 0 3 40006f7 0000000
0 0 0 4 3ffff31 0000000
0 0 0 5 3fffcf3 0000000
0 0 0 6 4000209 0000000
0 0 0 7 3fffdcd 0000000
0 0 0 8 4000601 0000000
0 0 0 9 4000220 0000000
0 0 0 10 40001f6 0000000
0 0 0 11 40008be 0000000
0 0 0 12 3fff8f5 0000000
0 0 0 13 40004cf 0000000
0 0 0 14 4000542 0000000
0 0 0 15 40004d4 0000000
0 0 1 0 40002d2 0000000
0 0 1 1 3fff8f2 0000000
0 0 1 2 3ffff0a 0000000
0 0 1 3 4000362 0000000
0 0 1 4 40002f3 0000000
0 0 1 5 4000072 0000000
0 0 1 6 4000231 0000000
0 0 1 7 3fffbc8 0000000
0 0 1 8 3ffff18 0000000
0 0 1 9 3fffb1a 0000000
0 0 1 10 3ffff5c 0000000
0 0 1 11 3fffa4c 0000000
0 0 1 12 4000542 0000000
0 0 1 13 3fffbe7 0000000
0 0 1 14 3fffea2 0000000
0 0 1 15 3ffff18 0000000
0 0 2 0 3fffefd 0000000
0 0 2 1 3ffff0a 0000000
0 0 2 2 3fff7e2 0000000
0 0 2 3 3ffffa1 0000000
0 0 2 4 400004e 0000000
0 0 2 5 3fffd34 0000000
0 0 2 6 3fffc79 0000000
0 0 2 7 40008d1 0000000
0 0 2 8 4000174 0000000
0 0 2 9 40001c3 0000000
0 0 2 10 4000601 0000000
0 0 2 11 40000ff 0000000
0 0 2 12 40005f2 0000000
0 0 2 13 4000421 0000000
0 0 2 14 4000398 0000000
0 0 2 15 3fff9bd 0000000
0 0 3 0 40006f7 0000000
0 0 3 1 4000362 0000000
0 0 3 2 3ffffa1 0000000
0 0 3 3 400058a 0000000
0 0 3 4 3fffff8 0000000
0 0 3 5 40002e6 0000000
0 0 3 6 400037f 0000000
0 0 3 7 40006ff 0000000
0 0 3 8 40003ba 0000000
0 0 3 9 3fffca7 0000000
0 0 3 10 3fff69a 0000000
0 0 3 11 4000197 0000000
0 0 3 12 40000a4 0000000
0 0 3 13 3ffffad 0000000
0 0 3 14 400011f 0000000
0 0 3 15 40007db 0000000
0 0 4 0 3ffff31 0000000
0 0 4 1 40002f3 0000000
0 0 4 2 400004e 0000000
0 0 4 3 3fffff8 0000000
0 0 4 4 3fff41c 0000000
0 0 4 5 3fffcdf 0000000
0 0 4 6 4000229 0000000
0 0 4 7 4000845 0000000
0 0 4 8 40005d0 0000000
0 0 4 9 3ffff5a 0000000
0 0 4 10 3ffffd4 0000000
0 0 4 11 3fffdfd 0000000
0 0 4 12 3ffffcb 0000000
0 0 4 13 4000330 0000000
0 0 4 14 3ffff65 0000000
0 0 4 15 3fffbf6 0000000
0 0 5 0 3fffcf3 0000000
0 0 5 1 4000072 0000000
0 0 5 2 3fffd34 0000000
0 0 5 3 40002e6 0000000
0 0 5 4 3fffcdf 0000000
0 0 5 5 40009a2 0000000
0 0 5 6 40003ed 0000000
0 0 5 7 3fffd70 0000000
0 0 5 8 3fffffc 0000000
0 0 5 9 3fffc16 0000000
0 0 5 10 400012f 0000000
0 0 5 11 400028f 0000000
0 0 5 12 40003fd 0000000
0 0 5 13 4000071 0000000
0 0 5 14 4000ac5 0000000
0 0 5 15 3fff862 0000000
0 0 6 0 4000209 0000000
0 0 6 1 4000231 0000000
0 0 6 2 3fffc79 0000000
0 0 6 3 400037f 0000000
0 0 6 4 4000229 0000000
0 0 6 5 40003ed 0000000
0 0 6 6 4000a32 0000000
0 0 6 7 3fffd77 0000000
0 0 6 8 3fffed5 0000000
0 0 6 9 4000661 0000000
0 0 6 10 3ffffb6 0000000
0 0 6 11 400015a 0000000
0 0 6 12 3fff812 0000000
0 0 6 13 400014f 0000000
0 0 6 14 400021e 0000000
0 0 6 15 400006b 0000000
0 0 7 0 3fffdcd 0000000
0 0 7 1 3fffbc8 0000000
0 0 7 2 40008d1 0000000
0 0 7 3 40006ff 0000000
0 0 7 4 4000845 0000000
0 0 7 5 3fffd70 0000000
0 0 7 6 3fffd77 0000000
0 0 7 7 400016c 0000000
0 0 7 8 3ffff22 0000000
0 0 7 9 3ffff21 0000000
0 0 7 10 3fffa9c 0000000
0 0 7 11 400018d 0000000
0 0 7 12 3fffe7f 0000000
0 0 7 13 4000675 0000000
0 0 7 14 4000455 0000000
0 0 7 15 3ffff70 0000000
0 0 8 0 4000601 0000000
0 0 8 1 3ffff18 0000000
0 0 8 2 4000174 0000000
0 0 8 3 40003ba 0000000
0 0 8 4 40005d0 0000000
0 0 8 5 3fffffc 0000000
0 0 8 6 3fffed5 0000000
0 0 8 7 3ffff22 0000000
0 0 8 8 3fff59e 0000000
0 0 8 9 40009a9 0000000
0 0 8 10 40009e6 0000000
0 0 8 11 40004ca 0000000
0 0 8 12 3fff91d 0000000
0 0 8 13 4000389 0000000
0 0 8 14 4000800 0000000
0 0 8 15 40009bb 0000000
0 0 9 0 4000220 0000000
0 0 9 1 3fffb1a 0000000
0 0 9 2 40001c3 0000000
0 0 9 3 3fffca7 0000000
0 0 9 4 3ffff5a 0000000
0 0 9 5 3fffc16 0000000
0 0 9 6 4000661 0000000
0 0 9 7 3ffff21 0000000
0 0 9 8 40009a9 0000000
0 0 9 9 40007a2 0000000
0 0 9 10 4000290 0000000
0 0 9 11 4000669 0000000
0 0 9 12 3fffcc7 0000000
0 0 9 13 40006b8 0000000
0 0 9 14 400022b 0000000
0 0 9 15 40003ab 0000000
0 0 10 0 40001f6 0000000
0 0 10 1 3ffff5c 0000000
0 0 10 2 4000601 0000000
0 0 10 3 3fff69a 0000000
0 0 10 4 3ffffd4 0000000
0 0 10 5 400012f 0000000
0 0 10 6 3ffffb6 0000000
0 0 10 7 3fffa9c 0000000
0 0 10 8 40009e6 0000000
0 0 10 9 4000290 0000000
0 0 10 10 40001a6 0000000
0 0 10 11 3fffe2d 0000000
0 0 10 12 4000497 0000000
0 0 10 13 3fffe52 0000000
0 0 10 14 3fff7c1 0000000
0 0 10 15 4000281 0000000
0 0 11 0 40008be 0000000
0 0 11 1 3fffa4c 0000000
0 0 11 2 40000ff 0000000
0 0 11 3 4000197 0000000
0 0 11 4 3fffdfd 0000000
0 0 11 5 400028f 0000000
0 0 11 6 400015a 0000000
0 0 11 7 400018d 0000000
0 0 11 8 40004ca 0000000
0 0 11 9 4000669 0000000
0 0 11 10 3fffe2d 0000000
0 0 11 11 4000382 0000000
0 0 11 12 400001c 0000000
0 0 11 13 40001e5 0000000
0 0 11 14 3fffdb9 0000000
0 0 11 15 4000731 0000000
0 0 12 0 3fff8f5 0000000
0 0 12 1 4000542 0000000
0 0 12 2 40005f2 0000000
0 0 12 3 40000a4 0000000
0 0 12 4 3ffffcb 0000000
0 0 12 5 40003fd 0000000
0 0 12 6 3fff812 0000000
0 0 12 7 3fffe7f 0000000
0 0 12 8 3fff91d 0000000
0 0 12 9 3fffcc7 0000000
0 0 12 10 4000497 0000000
0 0 12 11 400001c 0000000
0 0 12 12 3fff92a 0000000
0 0 12 13 3fffb48 0000000
0 0 12 14 3fff911 0000000
0 0 12 15 400082f 0000000
0 0 13 0 40004cf 0000000
0 0 13 1 3fffbe7 0000000
0 0 13 2 4000421 0000000
0 0 13 3 3ffffad 0000000
0 0 13 4 4000330 0000000
0 0 13 5 4000071 0000000
0 0 13 6 400014f 0000000
0 0 13 7 4000675 0000000
0 0 13 8 4000389 0000000
0 0 13 9 40006b8 0000000
0 0 13 10 3fffe52 0000000
0 0 13 11 40001e5 0000000
0 0 13 12 3fffb48 0000000
0 0 13 13 4000a2a 0000000
0 0 13 14 4000253 0000000
0 0 13 15 3fffd58 0000000
0 0 14 0 4000542 0000000
0 0 14 1 3fffea2 0000000
0 0 14 2 4000398 0000000
0 0 14 3 400011f 0000000
0 0 14 4 3ffff65 0000000
0 0 14 5 4000ac5 0000000
0 0 14 6 400021e 0000000
0 0 14 7 4000455 0000000
0 0 14 8 4000800 0000000
0 0 14 9 400022b 0000000
0 0 14 10 3fff7c1 0000000
0 0 14 11 3fffdb9 0000000
0 0 14 12 3fff911 0000000
0 0 14 13 4000253 0000000
0 0 14 14 400004a 0000000
0 0 14 15 3fffd91 0000000
0 0 15 0 40004d4 0000000
0 0 15 1 3ffff18 0000000
0 0 15 2 3fff9bd 0000000
0 0 15 3 40007db 0000000
0 0 15 4 3fffbf6 0000000
0 0 15 5 3fff862 0000000
0 0 15 6 400006b 0000000
0 0 15 7 3ffff70 0000000
0 0 15 8 40009bb 0000000
0 0 15 9 40003ab 0000000
0 0 15 10 4000281 0000000
0 0 15 11 4000731 0000000
0 0 15 12 400082f 0000000
0 0 15 13 3fffd58 0000000
0 0 15 14 3fffd91 0000000
0 0 15 15 40002ce 0000000
0 0 16 0 4000009 0000000
0 0 16 1 4000004 0000000
0 0 16 2 3ffffc1 0000000
0 0 16 3 3fff887 0000000
0 0 16 4 3fffb24 0000000
0 0 16 5 3fffa5f 0000000
0 0 16 6 3ffff5b 0000000
0 0 16 7 400044d 0000000
0 0 16 8 3fff2aa 0000000
0 0 16 9 3fff2cc 0000000
0 0 16 10 4000115 0000000
0 0 16 11 400021d 0000000
0 0 16 12 3fffbc6 0000000
0 0 16 13 400008c 0000000
0 0 16 14 400079a 0000000
0 0 16 15 3fff698 0000000
0 0 17 0 40004d4 0000000
0 0 17 1 3ffff18 0000000
0 0 17 2 3fff9bd 0000000
0 0 17 3 40007db 0000000
0 0 17 4 3fffbf6 0000000
0 0 17 5 3fff862 0000000
0 0 17 6 400006b 0000000
0 0 17 7 3ffff70 0000000
0 0 17 8 40009bb 0000000
0 0 17 9 40003ab 0000000
0 0 17 10 4000281 0000000
0 0 17 11 4000731 0000000
0 0 17 12 400082f 0000000
0 0 17 13 3fffd58 0000000
0 0 17 14 3fffd91 0000000
0 0 17 15 40002ce 0000000
0 0 18 0 4000542 0000000
0 0 18 1 3fffea2 0000000
0 0 18 2 4000398 0000000
0 0 18 3 400011f 0000000
0 0 18 4 3ffff65 0000000
0 0 18 5 4000ac5 0000000
0 0 18 6 400021e 0000000
0 0 18 7 4000455 0000000
0 0 18 8 4000800 0000000
0 0 18 9 400022b 0000000
0 0 18 10 3fff7c1 0000000
0 0 18 11 3fffdb9 0000000
0 0 18 12 3fff911 0000000
0 0 18 13 4000253 0000000
0 0 18 14 400004a 0000000
0 0 18 15 3fffd91 0000000
0 0 19 0 40004cf 0000000
0 0 19 1 3fffbe7 0000000
0 0 19 2 4000421 0000000
0 0 19 3 3ffffad 0000000
0 0 19 4 4000330 0000000
0 0 19 5 4000071 0000000
0 0 19 6 400014f 0000000
0 0 19 7 4000675 0000000
0 0 19 8 4000389 0000000
0 0 19 9 40006b8 0000000
0 0 19 10 3fffe52 0000000
0 0 19 11 40001e5 0000000
0 0 19 12 3fffb48 0000000
0 0 19 13 4000a2a 0000000
0 0 19 14 4000253 0000000
0 0 19 15 3fffd58 0000000
0 0 20 0 3fff8f5 0000000
0 0 20 1 4000542 0000000
0 0 20 2 40005f2 0000000
0 0 20 3 40000a4 0000000
0 0 20 4 3ffffcb 0000000
0 0 20 5 40003fd 0000000
0 0 20 6 3fff812 0000000
0 0 20 7 3fffe7f 0000000
0 0 20 8 3fff91d 0000000
0 0 20 9 3fffcc7 0000000
0 0 20 10 4000497 0000000
0 0 20 11 400001c 0000000
0 0 20 12 3fff92a 0000000
0 0 20 13 3fffb48 0000000
0 0 20 14 3fff911 0000000
0 0 20 15 400082f 0000000
0 0 21 0 40008be 0000000
0 0 21 1 3fffa4c 0000000
0 0 21 2 40000ff 0000000
0 0 21 3 4000197 0000000
0 0 21 4 3fffdfd 0000000
0 0 21 5 400028f 0000000
0 0 21 6 400015a 0000000
0 0 21 7 400018d 0000000
0 0 21 8 40004ca 0000000
0 0 21 9 4000669 0000000
0 0 21 10 3fffe2d 0000000
0 0 21 11 4000382 0000000
0 0 21 12 400001c 0000000
0 0 21 13 40001e5 0000000
0 0 21 14 3fffdb9 0000000
0 0 21 15 4000731 0000000
0 0 22 0 40001f6 0000000
0 0 22 1 3ffff5c 0000000
0 0 22 2 4000601 0000000
0 0 22 3 3fff69a 0000000
0 0 22 4 3ffffd4 0000000
0 0 22 5 400012f 0000000
0 0 22 6 3ffffb6 0000000
0 0 22 7 3fffa9c 0000000
0 0 22 8 40009e6 0000000
0 0 22 9 4000290 0000000
0 0 22 10 40001a6 0000000
0 0 22 11 3fffe2d 0000000
0 0 22 12 4000497 0000000
0 0 22 13 3fffe52 0000000
0 0 22 14 3fff7c1 0000000
0 0 22 15 4000281 0000000
0 0 23 0 4000220 0000000
0 0 23 1 3fffb1a 0000000
0 0 23 2 40001c3 0000000
0 0 23 3 3fffca7 0000000
0 0 23 4 3ffff5a 0000000
0 0 23 5 3fffc16 0000000
0 0 23 6 4000661 0000000
0 0 23 7 3ffff21 0000000
0 0 23 8 40009a9 0000000
0 0 23 9 40007a2 0000000
0 0 23 10 4000290 0000000
0 0 23 11 4000669 0000000
0 0 23 12 3fffcc7 0000000
0 0 23 13 40006b8 0000000
0 0 23 14 400022b 0000000
0 0 23 15 40003ab 0000000
0 0 24 0 4000601 0000000
0 0 24 1 3ffff18 0000000
0 0 24 2 4000174 0000000
0 0 24 3 40003ba 0000000
0 0 24 4 40005d0 0000000
0 0 24 5 3fffffc 0000000
0 0 24 6 3fffed5 0000000
0 0 24 7 3ffff22 0000000
0 0 24 8 3fff59e 0000000
0 0 24 9 40009a9 0000000
0 0 24 10 40009e6 0000000
0 0 24 11 40004ca 0000000
0 0 24 12 3fff91d 0000000
0 0 24 13 4000389 0000000
0 0 24 14 4000800 0000000
0 0 24 15 40009bb 0000000
0 0 25 0 3fffdcd 0000000
0 0 25 1 3fffbc8 0000000
0 0 25 2 40008d1 0000000
0 0 25 3 40006ff 0000000
0 0 25 4 4000845 0000000
0 0 25 5 3fffd70 0000000
0 0 25 6 3fffd77 0000000
0 0 25 7 400016c 0000000
0 0 25 8 3ffff22 0000000
0 0 25 9 3ffff21 0000000
0 0 25 10 3fffa9c 0000000
0 0 25 11 400018d 0000000
0 0 25 12 3fffe7f 0000000
0 0 25 13 4000675 0000000
0 0 25 14 4000455 0000000
0 0 25 15 3ffff70 0000000
0 0 26 0 4000209 0000000
0 0 26 1 4000231 0000000
0 0 26 2 3fffc79 0000000
0 0 26 3 400037f 0000000
0 0 26 4 4000229 0000000
0 0 26 5 40003ed 0000000
0 0 26 6 4000a32 0000000
0 0 26 7 3fffd77 0000000
0 0 26 8 3fffed5 0000000
0 0 26 9 4000661 0000000
0 0 26 10 3ffffb6 0000000
0 0 26 11 400015a 0000000
0 0 26 12 3fff812 0000000
0 0 26 13 400014f 0000000
0 0 26 14 400021e 0000000
0 0 26 15 400006b 0000000
0 0 27 0 3fffcf3 0000000
0 0 27 1 4000072 0000000
0 0 27 2 3fffd34 0000000
0 0 27 3 40002e6 0000000
0 0 27 4 3fffcdf 0000000
0 0 27 5 40009a2 0000000
0 0 27 6 40003ed 0000000
0 0 27 7 3fffd70 0000000
0 0 27 8 3fffffc 0000000
0 0 27 9 3fffc16 0000000
0 0 27 10 400012f 0000000
0 0 27 11 400028f 0000000
0 0 27 12 40003fd 0000000
0 0 27 13 4000071 0000000
0 0 27 14 4000ac5 0000000
0 0 27 15 3fff862 0000000
0 0 28 0 3ffff31 0000000
0 0 28 1 40002f3 0000000
0 0 28 2 400004e 0000000
0 0 28 3 3fffff8 0000000
0 0 28 4 3fff41c 0000000
0 0 28 5 3fffcdf 0000000
0 0 28 6 4000229 0000000
0 0 28 7 4000845 0000000
0 0 28 8 40005d0 0000000
0 0 28 9 3ffff5a 0000000
0 0 28 10 3ffffd4 0000000
0 0 28 11 3fffdfd 0000000
0 0 28 12 3ffffcb 0000000
0 0 28 13 4000330 0000000
0 0 28 14 3ffff65 0000000
0 0 28 15 3fffbf6 0000000
0 0 29 0 40006f7 0000000
0 0 29 1 4000362 0000000
0 0 29 2 3ffffa1 0000000
0 0 29 3 400058a 0000000
0 0 29 4 3fffff8 0000000
0 0 29 5 40002e6 0000000
0 0 29 6 400037f 0000000
0 0 29 7 40006ff 0000000
0 0 29 8 40003ba 0000000
0 0 29 9 3fffca7 0000000
0 0 29 10 3fff69a 0000000
0 0 29 11 4000197 0000000
0 0 29 12 40000a4 0000000
0 0 29 13 3ffffad 0000000
0 0 29 14 400011f 0000000
0 0 29 15 40007db 0000000
0 0 30 0 3fffefd 0000000
0 0 30 1 3ffff0a 0000000
0 0 30 2 3fff7e2 0000000
0 0 30 3 3ffffa1 0000000
0 0 30 4 400004e 0000000
0 0 30 5 3fffd34 0000000
0 0 30 6 3fffc79 0000000
0 0 30 7 40008d1 0000000
0 0 30 8 4000174 0000000
0 0 30 9 40001c3 0000000
0 0 30 10 4000601 0000000
0 0 30 11 40000ff 0000000
0 0 30 12 40005f2 0000000
0 0 30 13 4000421 0000000
0 0 30 14 4000398 0000000
0 0 30 15 3fff9bd 0000000
0 0 31 0 40002d2 0000000
0 0 31 1 3fff8f2 0000000
0 0 31 2 3ffff0a 0000000
0 0 31 3 4000362 0000000
0 0 31 4 40002f3 0000000
0 0 31 5 4000072 0000000
0 0 31 6 4000231 0000000
0 0 31 7 3fffbc8 0000000
0 0 31 8 3ffff18 0000000
0 0 31 9 3fffb1a 0000000
0 0 31 10 3ffff5c 0000000
0 0 31 11 3fffa4c 0000000
0 0 31 12 4000542 0000000
0 0 31 13 3fffbe7 0000000
0 0 31 14 3fffea2 0000000
0 0 31 15 3ffff18 0000000
0 1 0 0 0000000 0000000
0 1 0 1 0000000 0000000
0 1 0 2 0000000 0000000
0 1 0 3 0000000 0000000
0 1 0 4 0000000 0000000
0 1 0 5 0000000 0000000
0 1 0 6 0000000 0000000
0 1 0 7 0000000 0000000
0 1 0 8 0000000 0000000
0 1 0 9 0000000 0000000
0 1 0 10 0000000 0000000
0 1 0 11 0000000 0000000
0 1 0 12 0000000 0000000
0 1 0 13 0000000 0000000
0 1 0 14 0000000 0000000
0 1 0 15 0000000 0000000
0 1 1 0 0000000 0000000
0 1 1 1 0000000 0000000
0 1 1 2 0000000 0000000
0 1 1 3 0000000 0000000
0 1 1 4 0000000 0000000
0 1 1 5 0000000 0000000
0 1 1 6 0000000 0000000
0 1 1 7 0000000 0000000
0 1 1 8 0000000 0000000
0 1 1 9 0000000 0000000
0 1 1 10 0000000 0000000
0 1 1 11 0000000 0000000
0 1 1 12 0000000 0000000
0 1 1 13 0000000 0000000
0 1 1 14 0000000 0000000
0 1 1 15 0000000 0000000
0 1 2 0 0000000 0000000
0 1 2 1 0000000 0000000
0 1 2 2 0000000 0000000
0 1 2 3 0000000 0000000
0 1 2 4 0000000 0000000
0 1 2 5 0000000 0000000
0 1 2 6 0000000 0000000
0 1 2 7 0000000 0000000
0 1 2 8 0000000 0000000
0 1 2 9 0000000 0000000
0 1 2 10 0000000 0000000
0 1 2 11 0000000 0000000
0 1 2 12 0000000 0000000
0 1 2 13 0000000 0000000
0 1 2 14 0000000 0000000
0 1 2 15 0000000 0000000
0 1 3 0 0000000 0000000
0 1 3 1 0000000 0000000
0 1 3 2 0000000 0000000
0 1 3 3 0000000 0000000
0 1 3 4 0000000 0000000
0 1 3 5 0000000 0000000
0 1 3 6 0000000 0000000
0 1 3 7 0000000 0000000
0 1 3 8 0000000 0000000
0 1 3 9 0000000 0000000
0 1 3 10 0000000 0000000
0 1 3 11 0000000 0000000
0 1 3 12 0000000 0000000
0 1 3 13 0000000 0000000
0 1 3 14 0000000 0000000
0 1 3 15 0000000 0000000
0 1 4 0 0000000 0000000
0 1 4 1 0000000 0000000
0 1 4 2 0000000 0000000
0 1 4 3 0000000 0000000
0 1 4 4 0000000 0000000
0 1 4 5 0000000 0000000
0 1 4 6 0000000 0000000
0 1 4 7 0000000 0000000
0 1 4 8 0000000 0000000
0 1 4 9 0000000 0000000
0 1 4 10 0000000 0000000
0 1 4 11 0000000 0000000
0 1 4 12 0000000 0000000
0 1 4 13 0000000 0000000
0 1 4 14 0000000 0000000
0 1 4 15 0000000 0000000
0 1 5 0 0000000 0000000
0 1 5 1 0000000 0000000
0 1 5 2 0000000 0000000
0 1 5 3 0000000 0000000
0 1 5 4 0000000 0000000
0 1 5 5 0000000 0000000
0 1 5 6 0000000 0000000
0 1 5 7 0000000 0000000
0 1 5 8 0000000 0000000
0 1 5 9 0000000 0000000
0 1 5 10 0000000 0000000
0 1 5 11 0000000 0000000
0 1 5 12 0000000 0000000
0 1 5 13 0000000 0000000
0 1 5 14 0000000 0000000
0 1 5 15 0000000 0000000
0 1 6 0 0000000 0000000
0 1 6 1 0000000 0000000
0 1 6 2 0000000 0000000
0 1 6 3 0000000 0000000
0 1 6 4 0000000 0000000
0 1 6 5 0000000 0000000
0 1 6 6 0000000 0000000
0 1 6 7 0000000 0000000
0 1 6 8 0000000 0000000
0 1 6 9 0000000 0000000
0 1 6 10 0000000 0000000
0 1 6 11 0000000 0000000
0 1 6 12 0000000 0000000
0 1 6 13 0000000 0000000
0 1 6 14 0000000 0000000
0 1 6 15 0000000 0000000
0 1 7 0 0000000 0000000
0 1 7 1 0000000 0000000
0 1 7 2 0000000 0000000
0 1 7 3 0000000 0000000
0 1 7 4 0000000 0000000
0 1 7 5 0000000 0000000
0 1 7 6 0000000 0000000
0 1 7 7 0000000 0000000
0 1 7 8 0000000 0000000
0 1 7 9 0000000 0000000
0 1 7 10 0000000 0000000
0 1 7 11 0000000 0000000
0 1 7 12 0000000 0000000
0 1 7 13 0000000 0000000
0 1 7 14 0000000 0000000
0 1 7 15 0000000 0000000
0 1 8 0 0000000 0000000
0 1 8 1 0000000 0000000
0 1 8 2 0000000 0000000
0 1 8 3 0000000 0000000
0 1 8 4 0000000 0000000
0 1 8 5 0000000 0000000
0 1 8 6 0000000 0000000
0 1 8 7 0000000 0000000
0 1 8 8 0000000 0000000
0 1 8 9 0000000 0000000
0 1 8 10 0000000 0000000
0 1 8 11 0000000 0000000
0 1 8 12 0000000 0000000
0 1 8 13 0000000 0000000
0 1 8 14 0000000 0000000
0 1 8 15 0000000 0000000
0 1 9 0 0000000 0000000
0 1 9 1 0000000 0000000
0 1 9 2 0000000 0000000
0 1 9 3 0000000 0000000
0 1 9 4 0000000 0000000
0 1 9 5 0000000 0000000
0 1 9 6 0000000 0000000
0 1 9 7 0000000 0000000
0 1 9 8 0000000 0000000
0 1 9 9 0000000 0000000
0 1 9 10 0000000 0000000
0 1 9 11 0000000 0000000
0 1 9 12 0000000 0000000
0 1 9 13 0000000 0000000
0 1 9 14 0000000 0000000
0 1 9 15 0000000 0000000
0 1 10 0 0000000 0000000
0 1 10 1 0000000 0000000
0 1 10 2 0000000 0000000
0 1 10 3 0000000 0000000
0 1 10 4 0000000 0000000
0 1 10 5 0000000 0000000
0 1 10 6 0000000 0000000
0 1 10 7 0000000 0000000
0 1 10 8 0000000 0000000
0 1 10 9 0000000 0000000
0 1 10 10 0000000 0000000
0 1 10 11 0000000 0000000
0 1 10 12 0000000 0000000
0 1 10 13 0000000 0000000
0 1 10 14 0000000 0000000
0 1 10 15 0000000 0000000
0 1 11 0 0000000 0000000
0 1 11 1 0000000 0000000
0 1 11 2 0000000 0000000
0 1 11 3 0000000 0000000
0 1 11 4 0000000 0000000
0 1 11 5 0000000 0000000
0 1 11 6 0000000 0000000
0 1 11 7 0000000 0000000
0 1 11 8 0000000 0000000
0 1 11 9 0000000 0000000
0 1 11 10 0000000 0000000
0 1 11 11 0000000 0000000
0 1 11 12 0000000 0000000
0 1 11 13 0000000 0000000
0 1 11 14 0000000 0000000
0 1 11 15 0000000 0000000
0 1 12 0 0000000 0000000
0 1 12 1 0000000 0000000
0 1 12 2 0000000 0000000
0 1 12 3 0000000 0000000
0 1 12 4 0000000 0000000
0 1 12 5 0000000 0000000
0 1 12 6 0000000 0000000
0 1 12 7 0000000 0000000
0 1 12 8 0000000 0000000
0 1 12 9 0000000 0000000
0 1 12 10 0000000 0000000
0 1 12 11 0000000 0000000
0 1 12 12 0000000 0000000
0 1 12 13 0000000 0000000
0 1 12 14 0000000 0000000
0 1 12 15 0000000 0000000
0 1 13 0 0000000 0000000
0 1 13 1 0000000 0000000
0 1 13 2 0000000 0000000
0 1 13 3 0000000 0000000
0 1 13 4 0000000 0000000
0 1 13 5 0000000 0000000
0 1 13 6 0000000 0000000
0 1 13 7 0000000 0000000
0 1 13 8 0000000 0000000
0 1 13 9 0000000 0000000
0 1 13 10 0000000 0000000
0 1 13 11 0000000 0000000
0 1 13 12 0000000 0000000
0 1 13 13 0000000 0000000
0 1 13 14 0000000 0000000
0 1 13 15 0000000 0000000
0 1 14 0 0000000 0000000
0 1 14 1 0000000 0000000
0 1 14 2 0000000 0000000
0 1 14 3 0000000 0000000
0 1 14 4 0000000 0000000
0 1 14 5 0000000 0000000
0 1 14 6 0000000 0000000
0 1 14 7 0000000 0000000
0 1 14 8 0000000 0000000
0 1 14 9 0000000 0000000
0 1 14 10 0000000 0000000
0 1 14 11 0000000 0000000
0 1 14 12 0000000 0000000
0 1 14 13 0000000 0000000
0 1 14 14 0000000 0000000
0 1 14 15 0000000 0000000
0 1 15 0 0000000 0000000
0 1 15 1 0000000 0000000
0 1 15 2 0000000 0000000
0 1 15 3 0000000 0000000
0 1 15 4 0000000 0000000
0 1 15 5 0000000 0000000
0 1 15 6 0000000 0000000
0 1 15 7 0000000 0000000
0 1 15 8 0000000 0000000
0 1 15 9 0000000 0000000
0 1 15 10 0000000 0000000
0 1 15 11 0000000 0000000
0 1 15 12 0000000 0000000
0 1 15 13 0000000 0000000
0 1 15 14 0000000 0000000
0 1 15 15 0000000 0000000
0 1 16 0 0000000 0000000
0 1 16 1 0000000 0000000
0 1 16 2 0000000 0000000
0 1 16 3 0000000 0000000
0 1 16 4 0000000 0000000
0 1 16 5 0000000 0000000
0 1 16 6 0000000 0000000
0 1 16 7 0000000 0000000
0 1 16 8 0000000 0000000
0 1 16 9 0000000 0000000
0 1 16 10 0000000 0000000
0 1 16 11 0000000 0000000
0 1 16 12 0000000 0000000
0 1 16 13 0000000 0000000
0 1 16 14 0000000 0000000
0 1 16 15 0000000 0000000
0 1 17 0 0000000 0000000
0 1 17 1 0000000 0000000
0 1 17 2 0000000 0000000
0 1 17 3 0000000 0000000
0 1 17 4 0000000 0000000
0 1 17 5 0000000 0000000
0 1 17 6 0000000 0000000
0 1 17 7 0000000 0000000
0 1 17 8 0000000 0000000
0 1 17 9 0000000 0000000
0 1 17 10 0000000 0000000
0 1 17 11 0000000 0000000
0 1 17 12 0000000 0000000
0 1 17 13 0000000 0000000
0 1 17 14 0000000 0000000
0 1 17 15 0000000 0000000
0 1 18 0 0000000 0000000
0 1 18 1 0000000 0000000
0 1 18 2 0000000 0000000
0 1 18 3 0000000 0000000
0 1 18 4 0000000 0000000
0 1 18 5 0000000 0000000
0 1 18 6 0000000 0000000
0 1 18 7 0000000 0000000
0 1 18 8 0000000 0000000
0 1 18 9 0000000 0000000
0 1 18 10 0000000 0000000
0 1 18 11 0000000 0000000
0 1 18 12 0000000 0000000
0 1 18 13 0000000 0000000
0 1 18 14 0000000 0000000
0 1 18 15 0000000 0000000
0 1 19 0 0000000 0000000
0 1 19 1 0000000 0000000
0 1 19 2 0000000 0000000
0 1 19 3 0000000 0000000
0 1 19 4 0000000 0000000
0 1 19 5 0000000 0000000
0 1 19 6 0000000 0000000
0 1 19 7 0000000 0000000
0 1 19 8 0000000 0000000
0 1 19 9 0000000 0000000
0 1 19 10 0000000 0000000
0 1 19 11 0000000 0000000
0 1 19 12 0000000 0000000
0 1 19 13 0000000 0000000
0 1 19 14 0000000 0000000
0 1 19 15 0000000 0000000
0 1 20 0 0000000 0000000
0 1 20 1 0000000 0000000
0 1 20 2 0000000 0000000
0 1 20 3 0000000 0000000
0 1 20 4 0000000 0000000
0 1 20 5 0000000 0000000
0 1 20 6 0000000 0000000
0 1 20 7 0000000 0000000
0 1 20 8 0000000 0000000
0 1 20 9 0000000 0000000
0 1 20 10 0000000 0000000
0 1 20 11 0000000 0000000
0 1 20 12 0000000 0000000
0 1 20 13 0000000 0000000
0 1 20 14 0000000 0000000
0 1 20 15 0000000 0000000
0 1 21 0 0000000 0000000
0 1 21 1 0000000 0000000
0 1 21 2 0000000 0000000
0 1 21 3 0000000 0000000
0 1 21 4 0000000 0000000
0 1 21 5 0000000 0000000
0 1 21 6 0000000 0000000
0 1 21 7 0000000 0000000
0 1 21 8 0000000 0000000
0 1 21 9 0000000 0000000
0 1 21 10 0000000 0000000
0 1 21 11 0000000 0000000
0 1 21 12 0000000 0000000
0 1 21 13 0000000 0000000
0 1 21 14 0000000 0000000
0 1 21 15 0000000 0000000
0 1 22 0 0000000 0000000
0 1 22 1 0000000 0000000
0 1 22 2 0000000 0000000
0 1 22 3 0000000 0000000
0 1 22 4 0000000 0000000
0 1 22 5 0000000 0000000
0 1 22 6 0000000 0000000
0 1 22 7 0000000 0000000
0 1 22 8 0000000 0000000
0 1 22 9 0000000 0000000
0 1 22 10 0000000 0000000
0 1 22 11 0000000 0000000
0 1 22 12 0000000 0000000
0 1 22 13 0000000 0000000
0 1 22 14 0000000 0000000
0 1 22 15 0000000 0000000
0 1 23 0 0000000 0000000
0 1 23 1 0000000 0000000
0 1 23 2 0000000 0000000
0 1 23 3 0000000 0000000
0 1 23 4 0000000 0000000
0 1 23 5 0000000 0000000
0 1 23 6 0000000 0000000
0 1 23 7 0000000 0000000
0 1 23 8 0000000 0000000
0 1 23 9 0000000 0000000
0 1 23 10 0000000 0000000
0 1 23 11 0000000 0000000
0 1 23 12 0000000 0000000
0 1 23 13 0000000 0000000
0 1 23 14 0000000 0000000
0 1 23 15 0000000 0000000
0 1 24 0 0000000 0000000
0 1 24 1 0000000 0000000
0 1 24 2 0000000 0000000
0 1 24 3 0000000 0000000
0 1 24 4 0000000 0000000
0 1 24 5 0000000 0000000
0 1 24 6 0000000 0000000
0 1 24 7 0000000 0000000
0 1 24 8 0000000 0000000
0 1 24 9 0000000 0000000
0 1 24 10 0000000 0000000
0 1 24 11 0000000 0000000
0 1 24 12 0000000 0000000
0 1 24 13 0000000 0000000
0 1 24 14 0000000 0000000
0 1 24 15 0000000 0000000
0 1 25 0 0000000 0000000
0 1 25 1 0000000 0000000
0 1 25 2 0000000 0000000
0 1 25 3 0000000 0000000
0 1 25 4 0000000 0000000
0 1 25 5 0000000 0000000
0 1 25 6 0000000 0000000
0 1 25 7 0000000 0000000
0 1 25 8 0000000 0000000
0 1 25 9 0000000 0000000
0 1 25 10 0000000 0000000
0 1 25 11 0000000 0000000
0 1 25 12 0000000 0000000
0 1 25 13 0000000 0000000
0 1 25 14 0000000 0000000
0 1 25 15 0000000 0000000
0 1 26 0 0000000 0000000
0 1 26 1 0000000 0000000
0 1 26 2 0000000 0000000
0 1 26 3 0000000 0000000
0 1 26 4 0000000 0000000
0 1 26 5 0000000 0000000
0 1 26 6 0000000 0000000
0 1 26 7 0000000 0000000
0 1 26 8 0000000 0000000
0 1 26 9 0000000 0000000
0 1 26 10 0000000 0000000
0 1 26 11 0000000 0000000
0 1 26 12 0000000 0000000
0 1 26 13 0000000 0000000
0 1 26 14 0000000 0000000
0 1 26 15 0000000 0000000
0 1 27 0 0000000 0000000
0 1 27 1 0000000 0000000
0 1 27 2 0000000 0000000
0 1 27 3 0000000 0000000
0 1 27 4 0000000 0000000
0 1 27 5 0000000 0000000
0 1 27 6 0000000 0000000
0 1 27 7 0000000 0000000
0 1 27 8 0000000 0000000
0 1 27 9 0000000 0000000
0 1 27 10 0000000 0000000
0 1 27 11 0000000 0000000
0 1 27 12 0000000 0000000
0 1 27 13 0000000 0000000
0 1 27 14 0000000 0000000
0 1 27 15 0000000 0000000
0 1 28 0 0000000 0000000
0 1 28 1 0000000 0000000
0 1 28 2 0000000 0000000
0 1 28 3 0000000 0000000
0 1 28 4 0000000 0000000
0 1 28 5 0000000 0000000
0 1 28 6 0000000 0000000
0 1 28 7 0000000 0000000
0 1 28 8 0000000 0000000
0 1 28 9 0000000 0000000
0 1 28 10 0000000 0000000
0 1 28 11 0000000 0000000
0 1 28 12 0000000 0000000
0 1 28 13 0000000 0000000
0 1 28 14 0000000 0000000
0 1 28 15 0000000 0000000
0 1 29 0 0000000 0000000
0 1 29 1 0000000 0000000
0 1 29 2 0000000 0000000
0 1 29 3 0000000 0000000
0 1 29 4 0000000 0000000
0 1 29 5 0000000 0000000
0 1 29 6 0000000 0000000
0 1 29 7 0000000 0000000
0 1 29 8 0000000 0000000
0 1 29 9 0000000 0000000
0 1 29 10 0000000 0000000
0 1 29 11 0000000 0000000
0 1 29 12 0000000 0000000
0 1 29 13 0000000 0000000
0 1 29 14 0000000 0000000
0 1 29 15 0000000 0000000
0 1 30 0 0000000 0000000
0 1 30 1 0000000 0000000
0 1 30 2 0000000 0000000
0 1 30 3 0000000 0000000
0 1 30 4 0000000 0000000
0 1 30 5 0000000 0000000
0 1 30 6 0000000 0000000
0 1 30 7 0000000 0000000
0 1 30 8 0000000 0000000
0 1 30 9 0000000 0000000
0 1 30 10 0000000 0000000
0 1 30 11 0000000 0000000
0 1 30 12 0000000 0000000
0 1 30 13 0000000 0000000
0 1 30 14 0000000 0000000
0 1 30 15 0000000 0000000
0 1 31 0 0000000 0000000
0 1 31 1 0000000 0000000
0 1 31 2 0000000 0000000
0 1 31 3 0000000 0000000
0 1 31 4 0000000 0000000
0 1 31 5 0000000 0000000
0 1 31 6 0000000 0000000
0 1 31 7 0000000 0000000
0 1 31 8 0000000 0000000
0 1 31 9 0000000 0000000
0 1 31 10 0000000 0000000
0 1 31 11 0000000 0000000
0 1 31 12 0000000 0000000
0 1 31 13 0000000 0000000
0 1 31 14 0000000 0000000
0 1 31 15 0000000 0000000
1 0 0 0 0000000 0000000
1 0 0 1 0000000 0000000
1 0 0 2 0000000 0000000
1 0 0 3 0000000 0000000
1 0 0 4 0000000 0000000
1 0 0 5 0000000 0000000
1 0 0 6 0000000 0000000
1 0 0 7 0000000 0000000
1 0 0 8 0000000 0000000
1 0 0 9 0000000 0000000
1 0 0 10 0000000 0000000
1 0 0 11 0000000 0000000
1 0 0 12 0000000 0000000
1 0 0 13 0000000 0000000
1 0 0 14 0000000 0000000
1 0 0 15 0000000 0000000
1 0 1 0 0000000 0000000
1 0 1 1 0000000 0000000
1 0 1 2 0000000 0000000
1 0 1 3 0000000 0000000
1 0 1 4 0000000 0000000
1 0 1 5 0000000 0000000
1 0 1 6 0000000 0000000
1 0 1 7 0000000 0000000
1 0 1 8 0000000 0000000
1 0 1 9 0000000 0000000
1 0 1 10 0000000 0000000
1 0 1 11 0000000 0000000
1 0 1 12 0000000 0000000
1 0 1 13 0000000 0000000
1 0 1 14 0000000 0000000
1 0 1 15 0000000 0000000
1 0 2 0 0000000 0000000
1 0 2 1 0000000 0000000
1 0 2 2 0000000 0000000
1 0 2 3 0000000 0000000
1 0 2 4 0000000 0000000
1 0 2 5 0000000 0000000
1 0 2 6 0000000 0000000
1 0 2 7 0000000 0000000
1 0 2 8 0000000 0000000
1 0 2 9 0000000 0000000
1 0 2 10 0000000 0000000
1 0 2 11 0000000 0000000
1 0 2 12 0000000 0000000
1 0 2 13 0000000 0000000
1 0 2 14 0000000 0000000
1 0 2 15 0000000 0000000
1 0 3 0 0000000 0000000
1 0 3 1 0000000 0000000
1 0 3 2 0000000 0000000
1 0 3 3 0000000 0000000
1 0 3 4 0000000 0000000
1 0 3 5 0000000 0000000
1 0 3 6 0000000 0000000
1 0 3 7 0000000 0000000
1 0 3 8 0000000 0000000
1 0 3 9 0000000 0000000
1 0 3 10 0000000 0000000
1 0 3 11 0000000 0000000
1 0 3 12 0000000 0000000
1 0 3 13 0000000 0000000
1 0 3 14 0000000 0000000
1 0 3 15 0000000 0000000
1 0 4 0 0000000 0000000
1 0 4 1 0000000 0000000
1 0 4 2 0000000 0000000
1 0 4 3 0000000 0000000
1 0 4 4 0000000 0000000
1 0 4 5 0000000 0000000
1 0 4 6 0000000 0000000
1 0 4 7 0000000 0000000
1 0 4 8 0000000 0000000
1 0 4 9 0000000 0000000
1 0 4 10 0000000 0000000
1 0 4 11 0000000 0000000
1 0 4 12 0000000 0000000
1 0 4 13 0000000 0000000
1 0 4 14 0000000 0000000
1 0 4 15 0000000 0000000
1 0 5 0 0000000 0000000
1 0 5 1 0000000 0000000
1 0 5 2 0000000 0000000
1 0 5 3 0000000 0000000
1 0 5 4 0000000 0000000
1 0 5 5 0000000 0000000
1 0 5 6 0000000 0000000
1 0 5 7 0000000 0000000
1 0 5 8 0000000 0000000
1 0 5 9 0000000 0000000
1 0 5 10 0000000 0000000
1 0 5 11 0000000 0000000
1 0 5 12 0000000 0000000
1 0 5 13 0000000 0000000
1 0 5 14 0000000 0000000
1 0 5 15 0000000 0000000
1 0 6 0 0000000 0000000
1 0 6 1 0000000 0000000
1 0 6 2 0000000 0000000
1 0 6 3 0000000 0000000
1 0 6 4 0000000 0000000
1 0 6 5 0000000 0000000
1 0 6 6 0000000 0000000
1 0 6 7 0000000 0000000
1 0 6 8 0000000 0000000
1 0 6 9 0000000 0000000
1 0 6 10 0000000 0000000
1 0 6 11 0000000 0000000
1 0 6 12 0000000 0000000
1 0 6 13 0000000 0000000
1 0 6 14 0000000 0000000
1 0 6 15 0000000 0000000
1 0 7 0 0000000 0000000
1 0 7 1 0000000 0000000
1 0 7 2 0000000 0000000
1 0 7 3 0000000 0000000
1 0 7 4 0000000 0000000
1 0 7 5 0000000 0000000
1 0 7 6 0000000 0000000
1 0 7 7 0000000 0000000
1 0 7 8 0000000 0000000
1 0 7 9 0000000 0000000
1 0 7 10 0000000 0000000
1 0 7 11 0000000 0000000
1 0 7 12 0000000 0000000
1 0 7 13 0000000 0000000
1 0 7 14 0000000 0000000
1 0 7 15 0000000 0000000
1 0 8 0 0000000 0000000
1 0 8 1 0000000 0000000
1 0 8 2 0000000 0000000
1 0 8 3 0000000 0000000
1 0 8 4 0000000 0000000
1 0 8 5 0000000 0000000
1 0 8 6 0000000 0000000
1 0 8 7 0000000 0000000
1 0 8 8 0000000 0000000
1 0 8 9 0000000 0000000
1 0 8 10 0000000 0000000
1 0 8 11 0000000 0000000
1 0 8 12 0000000 0000000
1 0 8 13 0000000 0000000
1 0 8 14 0000000 0000000
1 0 8 15 0000000 0000000
1 0 9 0 0000000 0000000
1 0 9 1 0000000 0000000
1 0 9 2 0000000 0000000
1 0 9 3 0000000 0000000
1 0 9 4 0000000 0000000
1 0 9 5 0000000 0000000
1 0 9 6 0000000 0000000
1 0 9 7 0000000 0000000
1 0 9 8 0000000 0000000
1 0 9 9 0000000 0000000
1 0 9 10 0000000 0000000
1 0 9 11 0000000 0000000
1 0 9 12 0000000 0000000
1 0 9 13 0000000 0000000
1 0 9 14 0000000 0000000
1 0 9 15 0000000 0000000
1 0 10 0 0000000 0000000
1 0 10 1 0000000 0000000
1 0 10 2 0000000 0000000
1 0 10 3 0000000 0000000
1 0 10 4 0000000 0000000
1 0 10 5 0000000 0000000
1 0 10 6 0000000 0000000
1 0 10 7 0000000 0000000
1 0 10 8 0000000 0000000
1 0 10 9 0000000 0000000
1 0 10 10 0000000 0000000
1 0 10 11 0000000 0000000
1 0 10 12 0000000 0000000
1 0 10 13 0000000 0000000
1 0 10 14 0000000 0000000
1 0 10 15 0000000 0000000
1 0 11 0 0000000 0000000
1 0 11 1 0000000 0000000
1 0 11 2 0000000 0000000
1 0 11 3 0000000 0000000
1 0 11 4 0000000 0000000
1 0 11 5 0000000 0000000
1 0 11 6 0000000 0000000
1 0 11 7 0000000 0000000
1 0 11 8 0000000 0000000
1 0 11 9 0000000 0000000
1 0 11 10 0000000 0000000
1 0 11 11 0000000 0000000
1 0 11 12 0000000 0000000
1 0 11 13 0000000 0000000
1 0 11 14 0000000 0000000
1 0 11 15 0000000 0000000
1 0 12 0 0000000 0000000
1 0 12 1 0000000 0000000
1 0 12 2 0000000 0000000
1 0 12 3 0000000 0000000
1 0 12 4 0000000 0000000
1 0 12 5 0000000 0000000
1 0 12 6 0000000 0000000
1 0 12 7 0000000 0000000
1 0 12 8 0000000 0000000
1 0 12 9 0000000 0000000
1 0 12 10 0000000 0000000
1 0 12 11 0000000 0000000
1 0 12 12 0000000 0000000
1 0 12 13 0000000 0000000
1 0 12 14 0000000 0000000
1 0 12 15 0000000 0000000
1 0 13 0 0000000 0000000
1 0 13 1 0000000 0000000
1 0 13 2 0000000 0000000
1 0 13 3 0000000 0000000
1 0 13 4 0000000 0000000
1 0 13 5 0000000 0000000
1 0 13 6 0000000 0000000
1 0 13 7 0000000 0000000
1 0 13 8 0000000 0000000
1 0 13 9 0000000 0000000
1 0 13 10 0000000 0000000
1 0 13 11 0000000 0000000
1 0 13 12 0000000 0000000
1 0 13 13 0000000 0000000
1 0 13 14 0000000 0000000
1 0 13 15 0000000 0000000
1 0 14 0 0000000 0000000
1 0 14 1 0000000 0000000
1 0 14 2 0000000 0000000
1 0 14 3 0000000 0000000
1 0 14 4 0000000 0000000
1 0 14 5 0000000 0000000
1 0 14 6 0000000 0000000
1 0 14 7 0000000 0000000
1 0 14 8 0000000 0000000
1 0 14 9 0000000 0000000
1 0 14 10 0000000 0000000
1 0 14 11 0000000 0000000
1 0 14 12 0000000 0000000
1 0 14 13 0000000 0000000
1 0 14 14 0000000 0000000
1 0 14 15 0000000 0000000
1 0 15 0 0000000 0000000
1 0 15 1 0000000 0000000
1 0 15 2 0000000 0000000
1 0 15 3 0000000 0000000
1 0 15 4 0000000 0000000
1 0 15 5 0000000 0000000
1 0 15 6 0000000 0000000
1 0 15 7 0000000 0000000
1 0 15 8 0000000 0000000
1 0 15 9 0000000 0000000
1 0 15 10 0000000 0000000
1 0 15 11 0000000 0000000
1 0 15 12 0000000 0000000
1 0 15 13 0000000 0000000
1 0 15 14 0000000 0000000
1 0 15 15 0000000 0000000
1 0 16 0 0000000 0000000
1 0 16 1 0000000 0000000
1 0 16 2 0000000 0000000
1 0 16 3 0000000 0000000
1 0 16 4 0000000 0000000
1 0 16 5 0000000 0000000
1 0 16 6 0000000 0000000
1 0 16 7 0000000 0000000
1 0 16 8 0000000 0000000
1 0 16 9 0000000 0000000
1 0 16 10 0000000 0000000
1 0 16 11 0000000 0000000
1 0 16 12 0000000 0000000
1 0 16 13 0000000 0000000
1 0 16 14 0000000 0000000
1 0 16 15 0000000 0000000
1 0 17 0 0000000 0000000
1 0 17 1 0000000 0000000
1 0 17 2 0000000 0000000
1 0 17 3 0000000 0000000
1 0 17 4 0000000 0000000
1 0 17 5 0000000 0000000
1 0 17 6 0000000 0000000
1 0 17 7 0000000 0000000
1 0 17 8 0000000 0000000
1 0 17 9 0000000 0000000
1 0 17 10 0000000 0000000
1 0 17 11 0000000 0000000
1 0 17 12 0000000 0000000
1 0 17 13 0000000 0000000
1 0 17 14 0000000 0000000
1 0 17 15 0000000 0000000
1 0 18 0 0000000 0000000
1 0 18 1 0000000 0000000
1 0 18 2 0000000 0000000
1 0 18 3 0000000 0000000
1 0 18 4 0000000 0000000
1 0 18 5 0000000 0000000
1 0 18 6 0000000 0000000
1 0 18 7 0000000 0000000
1 0 18 8 0000000 0000000
1 0 18 9 0000000 0000000
1 0 18 10 0000000 0000000
1 0 18 11 0000000 0000000
1 0 18 12 0000000 0000000
1 0 18 13 0000000 0000000
1 0 18 14 0000000 0000000
1 0 18 15 0000000 0000000
1 0 19 0 0000000 0000000
1 0 19 1 0000000 0000000
1 0 19 2 0000000 0000000
1 0 19 3 0000000 0000000
1 0 19 4 0000000 0000000
1 0 19 5 0000000 0000000
1 0 19 6 0000000 0000000
1 0 19 7 0000000 0000000
1 0 19 8 0000000 0000000
1 0 19 9 0000000 0000000
1 0 19 10 0000000 0000000
1 0 19 11 0000000 0000000
1 0 19 12 0000000 0000000
1 0 19 13 0000000 0000000
1 0 19 14 0000000 0000000
1 0 19 15 0000000 0000000
1 0 20 0 0000000 0000000
1 0 20 1 0000000 0000000
1 0 20 2 0000000 0000000
1 0 20 3 0000000 0000000
1 0 20 4 0000000 0000000
1 0 20 5 0000000 0000000
1 0 20 6 0000000 0000000
1 0 20 7 0000000 0000000
1 0 20 8 0000000 0000000
1 0 20 9 0000000 0000000
1 0 20 10 0000000 0000000
1 0 20 11 0000000 0000000
1 0 20 12 0000000 0000000
1 0 20 13 0000000 0000000
1 0 20 14 0000000 0000000
1 0 20 15 0000000 0000000
1 0 21 0 0000000 0000000
1 0 21 1 0000000 0000000
1 0 21 2 0000000 0000000
1 0 21 3 0000000 0000000
1 0 21 4 0000000 0000000
1 0 21 5 0000000 0000000
1 0 21 6 0000000 0000000
1 0 21 7 0000000 0000000
1 0 21 8 0000000 0000000
1 0 21 9 0000000 0000000
1 0 21 10 0000000 0000000
1 0 21 11 0000000 0000000
1 0 21 12 0000000 0000000
1 0 21 13 0000000 0000000
1 0 21 14 0000000 0000000
1 0 21 15 0000000 0000000
1 0 22 0 0000000 0000000
1 0 22 1 0000000 0000000
1 0 22 2 0000000 0000000
1 0 22 3 0000000 0000000
1 0 22 4 0000000 0000000
1 0 22 5 0000000 0000000
1 0 22 6 0000000 0000000
1 0 22 7 0000000 0000000
1 0 22 8 0000000 0000000
1 0 22 9 0000000 0000000
1 0 22 10 0000000 0000000
1 0 22 11 0000000 0000000
1 0 22 12 0000000 0000000
1 0 22 13 0000000 0000000
1 0 22 14 0000000 0000000
1 0 22 15 0000000 0000000
1 0 23 0 0000000 0000000
1 0 23 1 0000000 0000000
1 0 23 2 0000000 0000000
1 0 23 3 0000000 0000000
1 0 23 4 0000000 0000000
1 0 23 5 0000000 0000000
1 0 23 6 0000000 0000000
1 0 23 7 0000000 0000000
1 0 23 8 0000000 0000000
1 0 23 9 0000000 0000000
1 0 23 10 0000000 0000000
1 0 23 11 0000000 0000000
1 0 23 12 0000000 0000000
1 0 23 13 0000000 0000000
1 0 23 14 0000000 0000000
1 0 23 15 0000000 0000000
1 0 24 0 0000000 0000000
1 0 24 1 0000000 0000000
1 0 24 2 0000000 0000000
1 0 24 3 0000000 0000000
1 0 24 4 0000000 0000000
1 0 24 5 0000000 0000000
1 0 24 6 0000000 0000000
1 0 24 7 0000000 0000000
1 0 24 8 0000000 0000000
1 0 24 9 0000000 0000000
1 0 24 10 0000000 0000000
1 0 24 11 0000000 0000000
1 0 24 12 0000000 0000000
1 0 24 13 0000000 0000000
1 0 24 14 0000000 0000000
1 0 24 15 0000000 0000000
1 0 25 0 0000000 0000000
1 0 25 1 0000000 0000000
1 0 25 2 0000000 0000000
1 0 25 3 0000000 0000000
1 0 25 4 0000000 0000000
1 0 25 5 0000000 0000000
1 0 25 6 0000000 0000000
1 0 25 7 0000000 0000000
1 0 25 8 0000000 0000000
1 0 25 9 0000000 0000000
1 0 25 10 0000000 0000000
1 0 25 11 0000000 0000000
1 0 25 12 0000000 0000000
1 0 25 13 0000000 0000000
1 0 25 14 0000000 0000000
1 0 25 15 0000000 0000000
1 0 26 0 0000000 0000000
1 0 26 1 0000000 0000000
1 0 26 2 0000000 0000000
1 0 26 3 0000000 0000000
1 0 26 4 0000000 0000000
1 0 26 5 0000000 0000000
1 0 26 6 0000000 0000000
1 0 26 7 0000000 0000000
1 0 26 8 0000000 0000000
1 0 26 9 0000000 0000000
1 0 26 10 0000000 0000000
1 0 26 11 0000000 0000000
1 0 26 12 0000000 0000000
1 0 26 13 0000000 0000000
1 0 26 14 0000000 0000000
1 0 26 15 0000000 0000000
1 0 27 0 0000000 0000000
1 0 27 1 0000000 0000000
1 0 27 2 0000000 0000000
1 0 27 3 0000000 0000000
1 0 27 4 0000000 0000000
1 0 27 5 0000000 0000000
1 0 27 6 0000000 0000000
1 0 27 7 0000000 0000000
1 0 27 8 0000000 0000000
1 0 27 9 0000000 0000000
1 0 27 10 0000000 0000000
1 0 27 11 0000000 0000000
1 0 27 12 0000000 0000000
1 0 27 13 0000000 0000000
1 0 27 14 0000000 0000000
1 0 27 15 0000000 0000000
1 0 28 0 0000000 0000000
1 0 28 1 0000000 0000000
1 0 28 2 0000000 0000000
1 0 28 3 0000000 0000000
1 0 28 4 0000000 0000000
1 0 28 5 0000000 0000000
1 0 28 6 0000000 0000000
1 0 28 7 0000000 0000000
1 0 28 8 0000000 0000000
1 0 28 9 0000000 0000000
1 0 28 10 0000000 0000000
1 0 28 11 0000000 0000000
1 0 28 12 0000000 0000000
1 0 28 13 0000000 0000000
1 0 28 14 0000000 0000000
1 0 28 15 0000000 0000000
1 0 29 0 0000000 0000000
1 0 29 1 0000000 0000000
1 0 29 2 0000000 0000000
1 0 29 3 0000000 0000000
1 0 29 4 0000000 0000000
1 0 29 5 0000000 0000000
1 0 29 6 0000000 0000000
1 0 29 7 0000000 0000000
1 0 29 8 0000000 0000000
1 0 29 9 0000000 0000000
1 0 29 10 0000000 0000000
1 0 29 11 0000000 0000000
1 0 29 12 0000000 0000000
1 0 29 13 0000000 0000000
1 0 29 14 0000000 0000000
1 0 29 15 0000000 0000000
1 0 30 0 0000000 0000000
1 0 30 1 0000000 0000000
1 0 30 2 0000000 0000000
1 0 30 3 0000000 0000000
1 0 30 4 0000000 0000000
1 0 30 5 0000000 0000000
1 0 30 6 0000000 0000000
1 0 30 7 0000000 0000000
1 0 30 8 0000000 0000000
1 0 30 9 0000000 0000000
1 0 30 10 0000000 0000000
1 0 30 11 0000000 0000000
1 0 30 12 0000000 0000000
1 0 30 13 0000000 0000000
1 0 30 14 0000000 0000000
1 0 30 15 0000000 0000000
1 0 31 0 0000000 0000000
1 0 31 1 0000000 0000000
1 0 31 2 0000000 0000000
1 0 31 3 0000000 0000000
1 0 31 4 0000000 0000000
1 0 31 5 0000000 0000000
1 0 31 6 0000000 0000000
1 0 31 7 0000000 0000000
1 0 31 8 0000000 0000000
1 0 31 9 0000000 0000000
1 0 31 10 0000000 0000000
1 0 31 11 0000000 0000000
1 0 31 12 0000000 0000000
1 0 31 13 0000000 0000000
1 0 31 14 0000000 0000000
1 0 31 15 0000000 0000000
1 1 0 0 1a64c01 0000000
1 1 0 1 187dfa5 0000000
1 1 0 2 16aa9da 0000000
1 1 0 3 14fca0d 0000000
1 1 0 4 1384c1c 0000000
1 1 0 5 12520a4 0000000
1 1 0 6 116f240 0000000
1 1 0 7 10e38da 0000000
1 1 0 8 10b4baa 0000000
1 1 0 9 10e37b5 0000000
1 1 0 10 116f245 0000000
1 1 0 11 1251d43 0000000
1 1 0 12 1384e03 0000000
1 1 0 13 14fcac3 0000000
1 1 0 14 16aa7a1 0000000
1 1 0 15 187dee0 0000000
1 1 1 0 1cc4d2a 0000000
1 1 1 1 1afe3af 0000000
1 1 1 2 193e4f5 0000000
1 1 1 3 179a5d0 0000000
1 1 1 4 1625661 0000000
1 1 1 5 14f0705 0000000
1 1 1 6 1408e82 0000000
1 1 1 7 1379e39 0000000
1 1 1 8 1349a4d 0000000
1 1 1 9 1379e6e 0000000
1 1 1 10 1408f65 0000000
1 1 1 11 14f0908 0000000
1 1 1 12 1625595 0000000
1 1 1 13 179a892 0000000
1 1 1 14 193e51e 0000000
1 1 1 15 1afe117 0000000
1 1 2 0 1f064d4 0000000
1 1 2 1 1d7090d 0000000
1 1 2 2 1bd537a 0000000
1 1 2 3 1a4a531 0000000
1 1 2 4 18e493f 0000000
1 1 2 5 17b7a51 0000000
1 1 2 6 16d3d0e 0000000
1 1 2 7 16464f1 0000000
1 1 2 8 1615dce 0000000
1 1 2 9 1646766 0000000
1 1 2 10 16d39a8 0000000
1 1 2 11 17b78ea 0000000
1 1 2 12 18e470d 0000000
1 1 2 13 1a4a358 0000000
1 1 2 14 1bd4e62 0000000
1 1 2 15 1d70b7e 0000000
1 1 3 0 211b74a 0000000
1 1 3 1 1fc61dc 0000000
1 1 3 2 1e5ee71 0000000
1 1 3 3 1cfc502 0000000
1 1 3 4 1bb4706 0000000
1 1 3 5 1a9bfe6 0000000
1 1 3 6 19c46c3 0000000
1 1 3 7 193de68 0000000
1 1 3 8 190fc90 0000000
1 1 3 9 193e27c 0000000
1 1 3 10 19c4bf4 0000000
1 1 3 11 1a9c071 0000000
1 1 3 12 1bb46bb 0000000
1 1 3 13 1cfc7aa 0000000
1 1 3 14 1e5edbc 0000000
1 1 3 15 1fc5fa4 0000000
1 1 4 0 22f8a1c 0000000
1 1 4 1 21f0c91 0000000
1 1 4 2 20cd1f5 0000000
1 1 4 3 1fa2bc0 0000000
1 1 4 4 1e86119 0000000
1 1 4 5 1d8d072 0000000
1 1 4 6 1ccce62 0000000
1 1 4 7 1c5279a 0000000
1 1 4 8 1c28c4e 0000000
1 1 4 9 1c52b8d 0000000
1 1 4 10 1cccf6f 0000000
1 1 4 11 1d8cfee 0000000
1 1 4 12 1e85b86 0000000
1 1 4 13 1fa2a29 0000000
1 1 4 14 20cd26c 0000000
1 1 4 15 21f1045 0000000
1 1 5 0 2494385 0000000
1 1 5 1 23e5556 0000000
1 1 5 2 23120a5 0000000
1 1 5 3 222bbd9 0000000
1 1 5 4 2148763 0000000
1 1 5 5 207c6eb 0000000
1 1 5 6 1fdae99 0000000
1 1 5 7 1f7313a 0000000
1 1 5 8 1f4f2c3 0000000
1 1 5 9 1f731e4 0000000
1 1 5 10 1fdaff6 0000000
1 1 5 11 207ca82 0000000
1 1 5 12 21483af 0000000
1 1 5 13 222bd29 0000000
1 1 5 14 2311936 0000000
1 1 5 15 23e59dc 0000000
1 1 6 0 25e8c73 0000000
1 1 6 1 259bcd5 0000000
1 1 6 2 252176e 0000000
1 1 6 3 248b57a 0000000
1 1 6 4 23eb4f6 0000000
1 1 6 5 2355b6b 0000000
1 1 6 6 22db5b6 0000000
1 1 6 7 228c189 0000000
1 1 6 8 2270a5b 0000000
1 1 6 9 228bcba 0000000
1 1 6 10 22dbb6c 0000000
1 1 6 11 2355cd7 0000000
1 1 6 12 23eba9f 0000000
1 1 6 13 248b6ba 0000000
1 1 6 14 2521428 0000000
1 1 6 15 259bddf 0000000
1 1 7 0 26f4adb 0000000
1 1 7 1 270e0d8 0000000
1 1 7 2 26f3c81 0000000
1 1 7 3 26b4734 0000000
1 1 7 4 266076a 0000000
1 1 7 5 26082b7 0000000
1 1 7 6 25bb766 0000000
1 1 7 7 25883f8 0000000
1 1 7 8 2575d5c 0000000
1 1 7 9 2588550 0000000
1 1 7 10 25bb915 0000000
1 1 7 11 2608045 0000000
1 1 7 12 2660d46 0000000
1 1 7 13 26b4787 0000000
1 1 7 14 26f3f3c 0000000
1 1 7 15 270de9d 0000000
1 1 8 0 27b7c0b 0000000
1 1 8 1 283ae0b 0000000
1 1 8 2 28844e9 0000000
1 1 8 3 28a0501 0000000
1 1 8 4 289be34 0000000
1 1 8 5 2885f0b 0000000
1 1 8 6 286ae14 0000000
1 1 8 7 2856346 0000000
1 1 8 8 284d4a2 0000000
1 1 8 9 2855ca4 0000000
1 1 8 10 286a717 0000000
1 1 8 11 2885c00 0000000
1 1 8 12 289c643 0000000
1 1 8 13 28a0520 0000000
1 1 8 14 28840c4 0000000
1 1 8 15 283a75b 0000000
1 1 9 0 283a37e 0000000
1 1 9 1 29249d1 0000000
1 1 9 2 29d11e1 0000000
1 1 9 3 2a48e1f 0000000
1 1 9 4 2a94eb5 0000000
1 1 9 5 2ac1ce9 0000000
1 1 9 6 2ad8be9 0000000
1 1 9 7 2ae3482 0000000
1 1 9 8 2ae5661 0000000
1 1 9 9 2ae2ecf 0000000
1 1 9 10 2ad8e77 0000000
1 1 9 11 2ac1603 0000000
1 1 9 12 2a9506b 0000000
1 1 9 13 2a48779 0000000
1 1 9 14 29d119d 0000000
1 1 9 15 2924450 0000000
1 1 10 0 2884858 0000000
1 1 10 1 29d18b9 0000000
1 1 10 2 2adcc83 0000000
1 1 10 3 2bac814 0000000
1 1 10 4 2c47531 0000000
1 1 10 5 2cb3ea9 0000000
1 1 10 6 2cfb2d1 0000000
1 1 10 7 2d22edf 0000000
1 1 10 8 2d2fd25 0000000
1 1 10 9 2d22944 0000000
1 1 10 10 2cfb174 0000000
1 1 10 11 2cb40c3 0000000
1 1 10 12 2c471e6 0000000
1 1 10 13 2bac2d0 0000000
1 1 10 14 2add60e 0000000
1 1 10 15 29d16ab 0000000
1 1 11 0 289fc81 0000000
1 1 11 1 2a4899c 0000000
1 1 11 2 2bacb32 0000000
1 1 11 3 2ccdc9a 0000000
1 1 11 4 2dafde7 0000000
1 1 11 5 2e57f8b 0000000
1 1 11 6 2eca783 0000000
1 1 11 7 2f0ddcd 0000000
1 1 11 8 2f23995 0000000
1 1 11 9 2f0da3b 0000000
1 1 11 10 2eca9d6 0000000
1 1 11 11 2e57edb 0000000
1 1 11 12 2dafc63 0000000
1 1 11 13 2ccdc63 0000000
1 1 11 14 2bacd6e 0000000
1 1 11 15 2a48117 0000000
1 1 12 0 289c17a 0000000
1 1 12 1 2a95373 0000000
1 1 12 2 2c46c49 0000000
1 1 12 3 2daf3b1 0000000
1 1 12 4 2ed064d 0000000
1 1 12 5 2fab71f 0000000
1 1 12 6 30449ca 0000000
1 1 12 7 309e5fb 0000000
1 1 12 8 30bc172 0000000
1 1 12 9 309e74a 0000000
1 1 12 10 3044059 0000000
1 1 12 11 2faba02 0000000
1 1 12 12 2ed0b26 0000000
1 1 12 13 2daf784 0000000
1 1 12 14 2c47532 0000000
1 1 12 15 2a95180 0000000
1 1 13 0 2885dc0 0000000
1 1 13 1 2ac1b0b 0000000
1 1 13 2 2cb4072 0000000
1 1 13 3 2e5807c 0000000
1 1 13 4 2faafb1 0000000
1 1 13 5 30aff78 0000000
1 1 13 6 3166e02 0000000
1 1 13 7 31d432b 0000000
1 1 13 8 31f8063 0000000
1 1 13 9 31d42f7 0000000
1 1 13 10 3167050 0000000
1 1 13 11 30afe5d 0000000
1 1 13 12 2fab595 0000000
1 1 13 13 2e578e4 0000000
1 1 13 14 2cb41b5 0000000
1 1 13 15 2ac1a15 0000000
1 1 14 0 286b317 0000000
1 1 14 1 2ad8e73 0000000
1 1 14 2 2cfb10a 0000000
1 1 14 3 2eca975 0000000
1 1 14 4 3043d7a 0000000
1 1 14 5 3167004 0000000
1 1 14 6 32348be 0000000
1 1 14 7 32aed72 0000000
1 1 14 8 32d834b 0000000
1 1 14 9 32aef29 0000000
1 1 14 10 32350df 0000000
1 1 14 11 3167a16 0000000
1 1 14 12 3044240 0000000
1 1 14 13 2eca894 0000000
1 1 14 14 2cfb35c 0000000
1 1 14 15 2ad8f2a 0000000
1 1 15 0 2855251 0000000
1 1 15 1 2ae28f2 0000000
1 1 15 2 2d22ae8 0000000
1 1 15 3 2f0d3f2 0000000
1 1 15 4 309ed21 0000000
1 1 15 5 31d4793 0000000
1 1 15 6 32aee47 0000000
1 1 15 7 333175e 0000000
1 1 15 8 335cd6a 0000000
1 1 15 9 33313fc 0000000
1 1 15 10 32aeca1 0000000
1 1 15 11 31d3c0c 0000000
1 1 15 12 309e3d8 0000000
1 1 15 13 2f0dbac 0000000
1 1 15 14 2d22835 0000000
1 1 15 15 2ae2676 0000000
1 1 16 0 284de12 0000000
1 1 16 1 2ae518c 0000000
1 1 16 2 2d30088 0000000
1 1 16 3 2f23b92 0000000
1 1 16 4 30bbb6e 0000000
1 1 16 5 31f828e 0000000
1 1 16 6 32d7ff5 0000000
1 1 16 7 335c4fe 0000000
1 1 16 8 338816d 0000000
1 1 16 9 335d30b 0000000
1 1 16 10 32d7e96 0000000
1 1 16 11 31f7c83 0000000
1 1 16 12 30bbaf2 0000000
1 1 16 13 2f235aa 0000000
1 1 16 14 2d2fafe 0000000
1 1 16 15 2ae57dc 0000000
1 1 17 0 2855251 0000000
1 1 17 1 2ae28f2 0000000
1 1 17 2 2d22ae8 0000000
1 1 17 3 2f0d3f2 0000000
1 1 17 4 309ed21 0000000
1 1 17 5 31d4793 0000000
1 1 17 6 32aee47 0000000
1 1 17 7 333175e 0000000
1 1 17 8 335cd6a 0000000
1 1 17 9 33313fc 0000000
1 1 17 10 32aeca1 0000000
1 1 17 11 31d3c0c 0000000
1 1 17 12 309e3d8 0000000
1 1 17 13 2f0dbac 0000000
1 1 17 14 2d22835 0000000
1 1 17 15 2ae2676 0000000
1 1 18 0 286b317 0000000
1 1 18 1 2ad8e73 0000000
1 1 18 2 2cfb10a 0000000
1 1 18 3 2eca975 0000000
1 1 18 4 3043d7a 0000000
1 1 18 5 3167004 0000000
1 1 18 6 32348be 0000000
1 1 18 7 32aed72 0000000
1 1 18 8 32d834b 0000000
1 1 18 9 32aef29 0000000
1 1 18 10 32350df 0000000
1 1 18 11 3167a16 0000000
1 1 18 12 3044240 0000000
1 1 18 13 2eca894 0000000
1 1 18 14 2cfb35c 0000000
1 1 18 15 2ad8f2a 0000000
1 1 19 0 2885dc0 0000000
1 1 19 1 2ac1b0b 0000000
1 1 19 2 2cb4072 0000000
1 1 19 3 2e5807c 0000000
1 1 19 4 2faafb1 0000000
1 1 19 5 30aff78 0000000
1 1 19 6 3166e02 0000000
1 1 19 7 31d432b 0000000
1 1 19 8 31f8063 0000000
1 1 19 9 31d42f7 0000000
1 1 19 10 3167050 0000000
1 1 19 11 30afe5d 0000000
1 1 19 12 2fab595 0000000
1 1 19 13 2e578e4 0000000
1 1 19 14 2cb41b5 0000000
1 1 19 15 2ac1a15 0000000
1 1 20 0 289c17a 0000000
1 1 20 1 2a95373 0000000
1 1 20 2 2c46c49 0000000
1 1 20 3 2daf3b1 0000000
1 1 20 4 2ed064d 0000000
1 1 20 5 2fab71f 0000000
1 1 20 6 30449ca 0000000
1 1 20 7 309e5fb 0000000
1 1 20 8 30bc172 0000000
1 1 20 9 309e74a 0000000
1 1 20 10 3044059 0000000
1 1 20 11 2faba02 0000000
1 1 20 12 2ed0b26 0000000
1 1 20 13 2daf784 0000000
1 1 20 14 2c47532 0000000
1 1 20 15 2a95180 0000000
1 1 21 0 289fc81 0000000
1 1 21 1 2a4899c 0000000
1 1 21 2 2bacb32 0000000
1 1 21 3 2ccdc9a 0000000
1 1 21 4 2dafde7 0000000
1 1 21 5 2e57f8b 0000000
1 1 21 6 2eca783 0000000
1 1 21 7 2f0ddcd 0000000
1 1 21 8 2f23995 0000000
1 1 21 9 2f0da3b 0000000
1 1 21 10 2eca9d6 0000000
1 1 21 11 2e57edb 0000000
1 1 21 12 2dafc63 0000000
1 1 21 13 2ccdc63 0000000
1 1 21 14 2bacd6e 0000000
1 1 21 15 2a48117 0000000
1 1 22 0 2884858 0000000
1 1 22 1 29d18b9 0000000
1 1 22 2 2adcc83 0000000
1 1 22 3 2bac814 0000000
1 1 22 4 2c47531 0000000
1 1 22 5 2cb3ea9 0000000
1 1 22 6 2cfb2d1 0000000
1 1 22 7 2d22edf 0000000
1 1 22 8 2d2fd25 0000000
1 1 22 9 2d22944 0000000
1 1 22 10 2cfb174 0000000
1 1 22 11 2cb40c3 0000000
1 1 22 12 2c471e6 0000000
1 1 22 13 2bac2d0 0000000
1 1 22 14 2add60e 0000000
1 1 22 15 29d16ab 0000000
1 1 23 0 283a37e 0000000
1 1 23 1 29249d1 0000000
1 1 23 2 29d11e1 0000000
1 1 23 3 2a48e1f 0000000
1 1 23 4 2a94eb5 0000000
1 1 23 5 2ac1ce9 0000000
1 1 23 6 2ad8be9 0000000
1 1 23 7 2ae3482 0000000
1 1 23 8 2ae5661 0000000
1 1 23 9 2ae2ecf 0000000
1 1 23 10 2ad8e77 0000000
1 1 23 11 2ac1603 0000000
1 1 23 12 2a9506b 0000000
1 1 23 13 2a48779 0000000
1 1 23 14 29d119d 0000000
1 1 23 15 2924450 0000000
1 1 24 0 27b7c0b 0000000
1 1 24 1 283ae0b 0000000
1 1 24 2 28844e9 0000000
1 1 24 3 28a0501 0000000
1 1 24 4 289be34 0000000
1 1 24 5 2885f0b 0000000
1 1 24 6 286ae14 0000000
1 1 24 7 2856346 0000000
1 1 24 8 284d4a2 0000000
1 1 24 9 2855ca4 0000000
1 1 24 10 286a717 0000000
1 1 24 11 2885c00 0000000
1 1 24 12 289c643 0000000
1 1 24 13 28a0520 0000000
1 1 24 14 28840c4 0000000
1 1 24 15 283a75b 0000000
1 1 25 0 26f4adb 0000000
1 1 25 1 270e0d8 0000000
1 1 25 2 26f3c81 0000000
1 1 25 3 26b4734 0000000
1 1 25 4 266076a 0000000
1 1 25 5 26082b7 0000000
1 1 25 6 25bb766 0000000
1 1 25 7 25883f8 0000000
1 1 25 8 2575d5c 0000000
1 1 25 9 2588550 0000000
1 1 25 10 25bb915 0000000
1 1 25 11 2608045 0000000
1 1 25 12 2660d46 0000000
1 1 25 13 26b4787 0000000
1 1 25 14 26f3f3c 0000000
1 1 25 15 270de9d 0000000
1 1 26 0 25e8c73 0000000
1 1 26 1 259bcd5 0000000
1 1 26 2 252176e 0000000
1 1 26 3 248b57a 0000000
1 1 26 4 23eb4f6 0000000
1 1 26 5 2355b6b 0000000
1 1 26 6 22db5b6 0000000
1 1 26 7 228c189 0000000
1 1 26 8 2270a5b 0000000
1 1 26 9 228bcba 0000000
1 1 26 10 22dbb6c 0000000
1 1 26 11 2355cd7 0000000
1 1 26 12 23eba9f 0000000
1 1 26 13 248b6ba 0000000
1 1 26 14 2521428 0000000
1 1 26 15 259bddf 0000000
1 1 27 0 2494385 0000000
1 1 27 1 23e5556 0000000
1 1 27 2 23120a5 0000000
1 1 27 3 222bbd9 0000000
1 1 27 4 2148763 0000000
1 1 27 5 207c6eb 0000000
1 1 27 6 1fdae99 0000000
1 1 27 7 1f7313a 0000000
1 1 27 8 1f4f2c3 0000000
1 1 27 9 1f731e4 0000000
1 1 27 10 1fdaff6 0000000
1 1 27 11 207ca82 0000000
1 1 27 12 21483af 0000000
1 1 27 13 222bd29 0000000
1 1 27 14 2311936 0000000
1 1 27 15 23e59dc 0000000
1 1 28 0 22f8a1c 0000000
1 1 28 1 21f0c91 0000000
1 1 28 2 20cd1f5 0000000
1 1 28 3 1fa2bc0 0000000
1 1 28 4 1e86119 0000000
1 1 28 5 1d8d072 0000000
1 1 28 6 1ccce62 0000000
1 1 28 7 1c5279a 0000000
1 1 28 8 1c28c4e 0000000
1 1 28 9 1c52b8d 0000000
1 1 28 10 1cccf6f 0000000
1 1 28 11 1d8cfee 0000000
1 1 28 12 1e85b86 0000000
1 1 28 13 1fa2a29 0000000
1 1 28 14 20cd26c 0000000
1 1 28 15 21f1045 0000000
1 1 29 0 211b74a 0000000
1 1 29 1 1fc61dc 0000000
1 1 29 2 1e5ee71 0000000
1 1 29 3 1cfc502 0000000
1 1 29 4 1bb4706 0000000
1 1 29 5 1a9bfe6 0000000
1 1 29 6 19c46c3 0000000
1 1 29 7 193de68 0000000
1 1 29 8 190fc90 0000000
1 1 29 9 193e27c 0000000
1 1 29 10 19c4bf4 0000000
1 1 29 11 1a9c071 0000000
1 1 29 12 1bb46bb 0000000
1 1 29 13 1cfc7aa 0000000
1 1 29 14 1e5edbc 0000000
1 1 29 15 1fc5fa4 0000000
1 1 30 0 1f064d4 0000000
1 1 30 1 1d7090d 0000000
1 1 30 2 1bd537a 0000000
1 1 30 3 1a4a531 0000000
1 1 30 4 18e493f 0000000
1 1 30 5 17b7a51 0000000
1 1 30 6 16d3d0e 0000000
1 1 30 7 16464f1 0000000
1 1 30 8 1615dce 0000000
1 1 30 9 1646766 0000000
1 1 30 10 16d39a8 0000000
1 1 30 11 17b78ea 0000000
1 1 30 12 18e470d 0000000
1 1 30 13 1a4a358 0000000
1 1 30 14 1bd4e62 0000000
1 1 30 15 1d70b7e 0000000
1 1 31 0 1cc4d2a 0000000
1 1 31 1 1afe3af 0000000
1 1 31 2 193e4f5 0000000
1 1 31 3 179a5d0 0000000
1 1 31 4 1625661 0000000
1 1 31 5 14f0705 0000000
1 1 31 6 1408e82 0000000
1 1 31 7 1379e39 0000000
1 1 31 8 1349a4d 0000000
1 1 31 9 1379e6e 0000000
1 1 31 10 1408f65 0000000
1 1 31 11 14f0908 0000000
1 1 31 12 1625595 0000000
1 1 31 13 179a892 0000000
1 1 31 14 193e51e 0000000
1 1 31 15 1afe117 0000000
